 0.6667326761318687 0.02256252431996605 0.1765763489793794
 0.1864141091081492 0.2902223890249295 0.5437016342554083
 0.09261610185963806 0.180034206705609 0.7476009942702931
 0.3155166650877008 0.4171242592638332 0.2588437843823845
 0.3316570901112389 0.3919922557850171 0.2515104514388493
 0.2879260012939911 0.6039086428745303 0.1463891468424133
 0.1933265851096243 0.2704544063919059 0.5226552374228162
 0.9187872740858837 0.04714218037972827 0.02321979707509213
 0.0799329629641773 0.09452193610010196 0.9009376048417561
 0.0455501021775673 0.04303740527349985 0.9696016675030629
 0.291818077660194 0.3666511969098099 0.3092394585724787
 0.7535298903570551 0.01896603038833432 0.1203065819876386
 0.08451249424366254 0.1022986824142198 0.8888715159960483
 0.9225501263293345 0.04957045944433356 0.02075143788747221
 0.3374643039781137 0.3883830903999099 0.2466884535932393
 0.8859118325097426 0.116235296758453 0.01900185633140702
 0.624055714830301 0.2117583201558425 0.1018434800780702
 0.2257704091943127 0.3524053992232751 0.425433048788142
 0.9520691608896721 0.08298532907040608 0.006355888414722867
 0.7451039399321778 0.1403370314978423 0.0667839053487841
 0.1507306512178654 0.2079002923688079 0.6807093639016218
 0.06331297299290556 0.0738873948485039 0.9338997883953202
 0.7307176450987932 0.01361966558694194 0.161092621474289
 0.3754171251155903 0.406560402356152 0.171006144231603
 0.7712158560771218 0.1300119235077841 0.05801974471571553
 0.9389631167592607 0.05606922387533433 0.01287187606152067
 0.2969332925736382 0.4556223777261746 0.2639907847187701
 0.9254709973911522 0.04379975696554868 0.02156352119496498
 0.2854404147828322 0.4578623696288222 0.277358693946868
 0.07654073820923026 0.1558772778420351 0.8411465257685324
 0.07786570376737072 0.09459906243975046 0.9023237766956002
 0.5631178095209227 0.0647064272222444 0.1708514934770315
 0.3190547493743962 0.3733217700195745 0.2741876965311721
 0.134630038984563 0.1596116116303032 0.7522422891896128
 0.9352838306157795 0.04000873748818964 0.01854198450062733
 0.2791867362236173 0.3921945361882441 0.221890549912971
 0.2908681848739162 0.4628665799875762 0.2682594829990048
 0.07413802469234271 0.205189430720484 0.7957602999389832
 0.9615102701178473 0.1774572719937647 0.002294566386945227
 0.6280063318488923 0.2095911447816486 0.1005032891646809
 0.04523522841482058 0.04272684050948242 0.969970405390887
 0.2801227681288528 0.4918434913682457 0.2164631560242579
 0.3022508930067937 0.5024286716089967 0.188611630128763
 0.2592456726334293 0.4558040900311062 0.2708904759075345
 0.2785316105873929 0.3717828047081511 0.3178302825904665
 0.46499624306932 0.315144914783543 0.1620101210056021
 0.387353066084718 0.2550532418627257 0.1759954716764519
 0.1524893278344342 0.2258360666972719 0.6638284634107798
 0.3266318350250744 0.4659560729501321 0.165855511791696
 0.4459277984067895 0.2990384276154783 0.183847175503712
 0.3658544404955561 0.3633994749163272 0.228052663271609
 0.9035437260826477 0.05494371361299217 0.01671218225645082
 0.3027758819610342 0.3994043719484893 0.2821297489952829
 0.2635286464801899 0.4316721526749097 0.3198830319948706
 0.2882837896840529 0.2908927166029066 0.2564224441423388
 0.8658735716986602 0.07794996746997139 0.03507917394722367
 0.4454918927178689 0.2290389353429976 0.1453506428130859
 0.2488558287645191 0.4383010488367146 0.255747595214409
 0.9583635875105618 0.1664714682677182 0.002751348463209054
 0.6053457043702346 0.2240521783419808 0.1077339552936136
 0.2812038126938866 0.4613559225711023 0.2812598641509061
 0.3216021897088857 0.3621980089892349 0.2607344002061471
 0.8850302126909139 0.293160496261168 0.007889843774661192
 0.8987055190327741 0.05798667370897351 0.02809016117281297
 0.6622577898382498 0.2305177329044385 0.0745374774172089
 0.3164773777016623 0.4964029353346476 0.1953966085993538
 0.8892867053393494 0.250962347183207 0.008767439853125506
 0.9028453712875854 0.1296694005246042 0.01323908242604462
 0.8290333241744827 0.1209102118000235 0.0365979039062686
 0.8125177013599697 0.1032152401773835 0.04944888350328019
 0.3855277174660391 0.2054886904644049 0.2013689229552626
 0.2672751979500709 0.3676459933402172 0.3415463945962375
 0.04680118871486046 0.04466873273351175 0.9678146683826377
 0.8877975401205702 0.0650260290069882 0.03019449088395167
 0.8839493173380293 0.08627729561726086 0.0252561841995461
 0.3091533363738456 0.4573830849880904 0.2135474729160242
 0.9401463024944351 0.03592374588460245 0.01787328303436914
 0.1674644351386568 0.2406209310772518 0.6196672846028293
 0.2784868599674606 0.4146234062219398 0.3037622859739741
 0.372101380290838 0.3993067497949574 0.2077069687692057
 0.4956654926511446 0.2154870278068134 0.1201285967037188
 0.9321313572045793 0.2378314067410923 0.004042458749731807
 0.05589757411060008 0.0572653541994038 0.9531068182430726
 0.7932261012067181 0.1334170047690124 0.04723983111191323
 0.06289136547733393 0.1380102230195427 0.8769884367861324
 0.3551780776310371 0.411937351034657 0.2188135390886712
 0.05708458552512367 0.08081171672865173 0.9327393968416594
 0.2306427298542235 0.4677952248039294 0.2541908250213845
 0.8670373266128216 0.09516257603288861 0.02919852103651192
 0.7298301172420527 0.1491463719863363 0.07061097581321173
 0.7022176780481281 0.01630350863008003 0.172353055541555
 0.7659915713712667 0.01263787481949954 0.1355517103385556
 0.3207321887553864 0.1592040359065015 0.3031101671365353
 0.06031084037819028 0.0701709095263769 0.9392245024241078
 0.3073197114955518 0.3695950764260381 0.2720293442324124
 0.1919681581931172 0.2867620571066678 0.5009346476064275
 0.8512915545838051 0.3275494548610083 0.01075927293751688
 0.4565129788473484 0.3288099131887818 0.164717939094439
 0.3373592596363181 0.5531882530942192 0.125246134991159
 0.08406129008273835 0.2026715348485414 0.7811852071308445
 0.2934045080424884 0.4812338688617657 0.2000528933524307
 0.2946239954635335 0.4624165368425612 0.2638294214903888
 0.6650773366841016 0.08493286822345518 0.09095541678280987
 0.2291045269360752 0.3662577750799411 0.4113145591721179
 0.5523080247393682 0.256595052035114 0.08462895685204558
 0.3297925646706856 0.136690845628437 0.3129736436796502
 0.1874230561622784 0.2503163691178507 0.560911002979267
 0.2855152588448521 0.4118041974434767 0.2988009409493311
 0.0506774827365291 0.05940018416095268 0.9546388044459021
 0.08183240491105244 0.1752239777066137 0.8137588305192707
 0.3300992450975124 0.4007617526056629 0.2494448128221606
 0.9571420578156301 0.1608314635563067 0.002790469770554235
 0.8338774726019332 0.2061587857105737 0.02146084433040963
 0.3325727093766045 0.4007652494621239 0.2467536602558613
 0.3803300581154865 0.2972479890976651 0.1646497692688509
 0.3910975422836204 0.2935432892523002 0.2323771947668973
 0.07846427705180874 0.2298876722628327 0.7597736708640006
 0.1753444552905945 0.2744039530048993 0.5626191539924216
 0.5251146242053083 0.277032765295033 0.1364490241040346
 0.3623540929428361 0.4089119494961148 0.2130988449488911
 0.2304837743795896 0.3715674383791508 0.4057639288561193
 0.3771626604371521 0.4953999759027713 0.1307557896612265
 0.9614111630332099 0.1850071872619908 0.002204761053440555
 0.6805846053703761 0.2300707148442619 0.06654984035361496
 0.2062698593749706 0.3255657562345097 0.4794355039414738
 0.3244537742962373 0.3881936576107562 0.260201640108076
 0.1724926517694574 0.242194084171257 0.6025611870247545
 0.3107068154099551 0.5230847999425315 0.1762410081082698
 0.2865040021918482 0.3998562360745387 0.3031686189410451
 0.5781059080504433 0.2486066232306048 0.1136747362308091
 0.6196162939734822 0.2135167830201371 0.1035170076935771
 0.08259612467705169 0.2229433731531471 0.7615939338320189
 0.2608303288633963 0.4009065153854756 0.3393566322706885
 0.423184688103163 0.4117782183380905 0.1117783306371785
 0.3343610633735971 0.3156554818317341 0.1963821344464955
 0.1332856869973701 0.1890065393178745 0.7328955331771276
 0.3771374855416648 0.2995085599168635 0.2376230912658933
 0.9393027903389665 0.03879016872395868 0.01718094904462548
 0.9201714917662864 0.1013611312094492 0.01188617147966403
 0.04786142855601155 0.04616660058337411 0.9662017212428343
 0.2949130670333125 0.3698331014422142 0.3048557688533313
 0.4940553742403772 0.3065491014991143 0.1113441544062515
 0.9423210462478212 0.2121672152084705 0.003521047051066935
 0.1917889173377314 0.2929561929697165 0.5304753952119615
 0.3170800447405866 0.4513790956089927 0.2424151523497194
 0.9369312020298703 0.03763879665669051 0.01869633473179839
 0.3589279847610788 0.4081518500855449 0.2166718355949822
 0.280253628124213 0.4178898238103235 0.2955334254174449
 0.2860295045981459 0.6106444494370544 0.1473167475256463
 0.2643759936986542 0.5048335263957113 0.2395890484494398
 0.948917857746839 0.1837494394286168 0.003306962767453757
 0.1718075039235267 0.2435234945972256 0.6079451717122545
 0.9362910495678211 0.09783558973090555 0.006636873950954473
 0.2902602939820211 0.4032549497217758 0.2959040951321912
 0.04703109438998051 0.04616540494688867 0.9665904395051795
 0.2825701857080365 0.4309950779210248 0.2933464192475374
 0.3103276469174066 0.3720746573096049 0.2839209687822232
 0.929139215462128 0.04182829370787611 0.02065284211975034
 0.08814458755239032 0.1111471129830349 0.8751949532134289
 0.9384117122733339 0.03716065491391177 0.01819270880679206
 0.3584429061693681 0.4039014747711219 0.2188235237620317
 0.1104347865310746 0.1464108218677871 0.8118958677190788
 0.7149115063817293 0.05972035147144867 0.1206769217177113
 0.2407461280656395 0.3922415941993587 0.3763505327865265
 0.6252092567279292 0.2110516824435447 0.1014727821388274
 0.8707876396518207 0.08906228662031097 0.02943013698559485
 0.8983935066785711 0.1252721438629636 0.0146800573293494
 0.2797620612272776 0.4144679987647822 0.3042074577674081
 0.3230161424450054 0.4395133483023131 0.2057613461380249
 0.0606760434260267 0.06430428436864183 0.944237142471143
 0.9370953559808011 0.1064321557222778 0.006166516497488234
 0.1923378859986986 0.2726520087234442 0.5426236258992463
 0.950019778211409 0.1741437256430832 0.003279848573112758
 0.06042955867167459 0.06643703325608304 0.9423152596839167
 0.08166078198727147 0.233143760017293 0.7495739746654906
 0.06031084037819028 0.0701709095263769 0.9392245024241078
 0.9386331995766211 0.03711939029841366 0.01810616502727913
 0.2574047807747469 0.4579376722555408 0.2204881382531512
 0.9081411030782599 0.2624619823888375 0.00608776381034978
 0.04615022616579886 0.04622889872218362 0.9670308612902482
 0.3015505946613322 0.3945883791541093 0.2855489030571551
 0.08141484590356733 0.1828757214281196 0.8061683182390594
 0.9531695743944545 0.1437630779210848 0.003390718862092618
 0.2581121169061411 0.4843294244180088 0.2501471415181625
 0.2997741630369419 0.3886267362935483 0.2902071522720585
 0.2821698316539974 0.4543692284573554 0.2831917995097515
 0.321853187547427 0.4756535524573544 0.1543597474436387
 0.2974223374524892 0.4560516785843112 0.2632117084087657
 0.05380353876581733 0.05442746003854702 0.956695012348973
 0.9254488655288544 0.2574716810737852 0.004368280714688635
 0.2845544925119437 0.3749103134864852 0.311659834454629
 0.9086858573045662 0.05271401391162728 0.02571461519246826
 0.9540898113732019 0.1057146732809068 0.004823383928112685
 0.7248601752699588 0.02281860397750836 0.1295882021657175
 0.8801652667025424 0.3595655016692547 0.006645009922980967
 0.6094400324954935 0.2196512001601248 0.1068739894875648
 0.6242234316344462 0.2105190603696261 0.1020486411454699
 0.2777457477578571 0.4326024261676166 0.2993103985967728
 0.8483385630176207 0.08503951199671994 0.04025947381251424
 0.3288396631545693 0.6067645880639175 0.1318632327145381
 0.6225005651899722 0.2125774260151753 0.1023428392704894
 0.9303033835827245 0.08704310006198357 0.008056593983278664
 0.28764776806198 0.4318309330119171 0.2864536169618186
 0.2903835158294957 0.457618984505068 0.2711971514804363
 0.7718917125324618 0.1284158279007066 0.05839406773963619
 0.1237871649726242 0.1713513927244851 0.7666108330079139
 0.08395964667825871 0.2380186103330731 0.7450055776095483
 0.319652154853475 0.3447952530109794 0.2817240773878894
 0.9612325094185157 0.1857493674854107 0.002214206099804098
 0.3421311897502043 0.347588964626919 0.2508707864261422
 0.06248481986545208 0.06701350369177134 0.9405838167144741
 0.5401117514562389 0.2670401317634125 0.1306119468734525
 0.2744362989426502 0.4172669858797972 0.2673444326692779
 0.2280898351330611 0.4002149468759447 0.3605474177287354
 0.2483973808517843 0.3936586320937672 0.3629665341559183
 0.04561309590746355 0.04422223944697961 0.9687300771825267
 0.3695194510253459 0.4501485879385884 0.1608751391922582
 0.08839685400274851 0.2492034899503863 0.723509623998689
 0.3585114250046004 0.4024314300097652 0.2193423893544124
 0.3354837557440338 0.496540421048724 0.1396319301493267
 0.3052427702174144 0.4510620901379579 0.2560442576463641
 0.07793192315086617 0.2243005568463842 0.7696862907931165
 0.07704216164291669 0.09669342850472755 0.9007731412537666
 0.4147273356418403 0.2852173639517566 0.2152401854951809
 0.9413000944907973 0.03846661343017041 0.01641554448624342
 0.8975909120550074 0.3141752845308441 0.005988363045865401
 0.9340222664941437 0.05302635624697893 0.01523347344107378
 0.06937771820921713 0.1981562108714365 0.8116482381050665
 0.9459217824662229 0.08326418994481985 0.007119192780958113
 0.3677272521218473 0.1718662529036452 0.2394468238968354
 0.04945596533374771 0.04831357876073939 0.9637964214762028
 0.2886352040010889 0.4289457292076166 0.286513214845892
 0.3108992264382537 0.3335113015581383 0.3013008577167632
 0.3157812375380596 0.05347766301243009 0.4687750119689957
 0.1993680170211846 0.2867834591552554 0.5186109777060953
 0.08183936490904338 0.2391108564161151 0.745581638997188
 0.07518641575462508 0.2227295276162043 0.7759212649038728
 0.5018589721165856 0.2939040460029263 0.1455325094471681
 0.3165332146294886 0.3683032133472259 0.2792504687076235
 0.289838916037773 0.4372074740091048 0.2811380792389019
 0.9398266883310493 0.03647031096484232 0.017802915300069
 0.7458805427099126 0.1488300400359932 0.06279321299961137
 0.3113205986780977 0.424514193089547 0.2601875603808436
 0.04945565836071658 0.04933477725327135 0.9630215910916948
 0.6111005622995236 0.05204484413972497 0.1533233383629596
 0.07726164857660797 0.1160245829315617 0.8806389538716024
 0.9220728457302899 0.04506440933512138 0.02254079411298807
 0.3669710652467769 0.4459463286320696 0.1593781153320499
 0.1740138135911433 0.2564617970111169 0.5938487288522913
 0.3054580172051009 0.3876042690840036 0.2843099283621887
 0.2693888765911391 0.3792322485753801 0.3305649661158714
 0.9412776803401564 0.1080382987172936 0.005604675013027218
 0.04623786496041864 0.04544178035129671 0.9675489338199538
 0.3114027942043545 0.4489629422729419 0.2498163499310652
 0.9496752918112413 0.06906606112946187 0.008003323936982396
 0.2678936295836539 0.4305935643185118 0.2534328602498939
 0.2120741438745319 0.3163550632778941 0.4718885319831
 0.3360486260565175 0.3878775336886048 0.22326760938161
 0.07882651787238566 0.2297566160159443 0.7623692624295079
 0.1989659312613671 0.3093856936330768 0.5046398660943383
 0.2818290535837133 0.3467608786427714 0.3310998063107736
 0.5784950520182931 0.0652315392084029 0.1588957404095897
 0.8136296176736467 0.1027997382658019 0.04904532885451327
 0.2977914409420373 0.3158318691375631 0.2334930848064057
 0.6127364581270476 0.2172700653608098 0.1053817072363379
 0.1724250626362379 0.2597899554364321 0.5950741257595505
 0.9302136530634576 0.2508958811798647 0.004044712484324955
 0.2499358427505586 0.4492255382259638 0.2985283921393471
 0.6355972303042975 0.2040397959732033 0.09803458175656975
 0.874181678595265 0.2935848730958142 0.009123014091294559
 0.3972806163030262 0.3493722095944286 0.1374924324188747
 0.9481669721603565 0.1480926961556469 0.004175722866812076
 0.9505176638382649 0.1534262804731598 0.003517463824379163
 0.2044605731536579 0.2846405330929788 0.5084845936471942
 0.2204659038613883 0.3466241326732353 0.4388656938585586
 0.6417264715755565 0.2007117420351081 0.09634769445991935
 0.3064881869291268 0.5063616805680097 0.1563084766835518
 0.08442080552780114 0.1019860668587325 0.889212884455262
 0.1579358510364036 0.2359618289607781 0.6443183161287412
 0.946747169816157 0.1576916111946539 0.004131095620419468
 0.2447446783222269 0.3941413107833251 0.3686644431358592
 0.9489021830424869 0.066615241932841 0.008447000094471184
 0.3085498769005521 0.3448415336601094 0.2935490638467024
 0.04653541752541545 0.04771227713918472 0.9657660451933803
 0.7869157703730953 0.1519273205252072 0.04437433892446653
 0.3413709622278921 0.3575883699947054 0.246130497416465
 0.8412945363217915 0.0968331107608331 0.03891510140360478
 0.9401844336595042 0.0370173742217219 0.01743395017678746
 0.244347421544413 0.3503705411417075 0.3937828768738038
 0.3044053658013634 0.4334576398812742 0.2647211929719284
 0.9610060144626664 0.183686047871445 0.002262405254210317
 0.04553404995552351 0.04305847454943813 0.9695929117101874
 0.9328440927342107 0.09300086762254287 0.009684786500089004
 0.09100500213616783 0.1680754832783639 0.8097637328452735
 0.8261450361776874 0.1487484041986374 0.03153004841636088
 0.3712967831946088 0.4778140825866558 0.1223706599111759
 0.1118620501852913 0.1477275856510941 0.8080151424798712
 0.1513155127939449 0.2213040117487607 0.6695093230038409
 0.07667600915962351 0.09099202006921667 0.9070741040894036
 0.9406503662388385 0.03799747299681031 0.01686606891110973
 0.5160926991806927 0.04522313858607046 0.2458737010201182
 0.670894889498174 0.1827612253300952 0.0876556508931717
 0.2982630260584809 0.436994646585994 0.2705374882357409
 0.9437455212697795 0.143753609619452 0.004362384208867625
 0.9301400592376979 0.04148416899726937 0.02032582689415164
 0.05438124534350527 0.08526358124226691 0.9314627751695985
 0.2718760086976578 0.399753159420874 0.3236752395333114
 0.8800519157546899 0.330462857898756 0.007222267776859742
 0.3699476645754587 0.4016421074424605 0.2087964493681717
 0.6431137264949949 0.199794398587758 0.09589272185990802
 0.05306283762726619 0.05330220182299785 0.9579776748945729
 0.4683786316927154 0.2669785736147601 0.147350873871802
 0.2726259849880732 0.3520042590180046 0.3460217764221218
 0.1603922977803201 0.238653166238812 0.6368430478063262
 0.08387554229223439 0.2371582979298632 0.7400332287066009
 0.5704211082045683 0.2462781796392427 0.1197158117506136
 0.589490529556599 0.2342562051973095 0.1130125792862339
 0.4442772225208078 0.3386527632748069 0.1702641675346318
 0.09124436861544689 0.1109723914346889 0.8719617557559218
 0.9150192483969899 0.06009678856412337 0.02041766685244784
 0.7408576808205202 0.1427849933694705 0.06790320695340304
 0.07920288635565882 0.1233937877086429 0.8699423505081988
 0.8595650367110893 0.08520102335735485 0.03513256786185211
 0.8433362930166417 0.1721655168953501 0.02288624060279068
 0.08175503666490491 0.09737432117533019 0.8961670587233747
 0.9462574757333206 0.05732812141513144 0.01034336862854363
 0.07591504125760166 0.08985834344778719 0.9088353555506654
 0.3030791066474489 0.4213479395958893 0.2717479818158275
 0.3240232027966516 0.4401603824177444 0.2394515848071781
 0.9322607948869017 0.04187739439445395 0.01897893863733134
 0.2968030486707722 0.4224194541736494 0.2788736056771308
 0.3112498708381458 0.4502924706830421 0.2494276102727128
 0.2982163624274431 0.4052867344285824 0.2798828391402076
 0.3243287049381657 0.5312722540232923 0.1385461643087705
 0.2834670450261034 0.4394124204781423 0.2884068477831417
 0.2908505226664735 0.4178978778360576 0.2509924005516321
 0.9080944946660275 0.05302497916467686 0.02586083354975523
 0.518304577958975 0.2761723578221604 0.1409673292911642
 0.3785289769216323 0.389995258263972 0.2054161331623731
 0.9329769778293726 0.05895350184163695 0.01432255720854428
 0.9328063058407712 0.03987811859855522 0.01972686157662199
 0.9253354655460271 0.0495315197288378 0.01938786402157701
 0.6258683665884573 0.1322366570997201 0.08801469379216491
 0.2435908286112995 0.3788703558543352 0.3787979975939545
 0.3028725916519015 0.3847605883687458 0.2878850272371492
 0.7838858367904069 0.1570867829910322 0.04429036338677916
 0.9389136986487542 0.09739184169964434 0.007949932757913876
 0.08034422985406713 0.09487531913063453 0.8999451859459279
 0.04528112091658929 0.04294904403966702 0.9697917772082268
 0.7770726691624186 0.1238623042737709 0.05780962477626714
 0.08828393955417865 0.108219371460482 0.8788423920475015
 0.31622304624977 0.3182506985023177 0.2126937430938362
 0.3604793037541376 0.383858693312097 0.1883909542537192
 0.914958856959285 0.04939202442643884 0.02417015066177549
 0.2854192795209794 0.4154040192206286 0.2961773601938262
 0.9227546058382828 0.04543068075331515 0.02216562419006072
 0.3000434320482733 0.4078433071637561 0.271206763485935
 0.9613922955020837 0.180918119643431 0.002256900148467454
 0.5566172974711977 0.0805655618889165 0.1574134412783191
 0.2818816097279364 0.3578303034577653 0.3285557131253827
 0.4130613676134217 0.3694526709055994 0.155565398863737
 0.2611708170632347 0.4295859016917378 0.3244009446727364
 0.9403288257074606 0.03598398190586696 0.01776424142895355
 0.3080457834727521 0.4548017609270291 0.2511888035562334
 0.3466888222634513 0.5242291050757386 0.1250953697571267
 0.2711589179146588 0.348884365991197 0.348295936338925
 0.8008722589019058 0.2971486694468331 0.02035743958975762
 0.1347226157131888 0.1920210714738928 0.7279507532213879
 0.4797191187455851 0.309091369422899 0.1551894087703718
 0.5626547254289971 0.06406745941511179 0.1719659804582663
 0.9581466152371625 0.1336933024377624 0.00339504516744362
 0.08086876992000396 0.2397675186000078 0.7472691155372169
 0.4858404334101502 0.2340024518581492 0.1643741615895877
 0.3181269711740031 0.5000742000403425 0.1759345571245505
 0.1055839429783712 0.1398132596514516 0.8247882298771158
 0.235127320845805 0.477818519067463 0.2661507126153989
 0.9333329389618693 0.03959862403126621 0.01959331360512771
 0.8937992578602989 0.09409585366232467 0.02027330658622754
 0.3262218499223774 0.4153774718998284 0.231761612869282
 0.940297897239206 0.03581840632599529 0.01784406091872672


